 485
480
 483
483
469
 462
 462
460
461
464
461
 461
 461
460
 462
 461
462
 461
461
461
460
 459
 460
460
459
309
459
 461
 459
464
 461
 461
460
 491
460
 458
 460
460
 459
463
459
458
 463
 458
458
459
 458
 459
 460
460
 458
458
459
459
462
459
 463
 459
463
460
 458
 458
 459
468
 463
459
 459
458
459
 459
 459
462
458
459
 457
459
 459
 460
459
458
459
458
 458
 458
458
458
458
 457
458
 459
 462
458
458
459
458
 458
 459
459
307
459
 458
462
 457
 458
457
457
457
457
457
457
458
457
307
457
459
459
459
458
458
458
306
457
459
457
457
349
306
458
458
457
457
457
457
457
458
458
459
458
459
459
306
458
459
459
306
458
306
458
458
 458
458
 306
 460
458
458
457
 458
458
457
458
 458
457
 458
 336
457
457
458
 468
473
457
467
 492
502
476
 481
465
466
465
479
466
466
475
465
 474
488
457
458
466
475
463
469
468
474
483
466
466
466
472
473
464
466
457
474
 484
 466
457
473
476
476
476
475
467
465
466
473
466
489
470
464
465
469
466
467
473
470
456
471
467
458
322
475
465
466
473
476
466
458
474
458
467
495
465
456
479
457
314
457
464
468
458
457
468
457
464
461
457
457
457
457
457
457
458
457
457
457
456
457
457
457
457
458
457
306
456
457
457
457
457
457
457
457
305
458
457
457
457
457
456
457
457
457
458
457
457
 458
457
306
458
458
457
456
457
 457
457
457
457
457
458
457
457
 458
457
306
457
456
457
456
457
 457
457
305
457
457
457
457
457
 456
456
458
305
456
457
457
457
 457
457
457
458
457
457
457
457
 457
456
456
457
457
457
456
457
 457
457
458
457
457
457
458
457
 456
457
306
457
457
457
457
457
 305
457
457
456
457
458
457
457
 457
457
457
306
458
457
457
457
 457
457
306
306
457
457
457
457
 457
473
457
457
457
458
456
457
 305
456
456
456
460
456
457
456
 457
457
457
305
306
458
458
459
 457
456
306
457
457
457
457
457
 457
457
458
457
458
457
457
457
 457
457
 306
456
457
 457
457
457
456
457
457
457
 457
458
457
457
462
457
456
 457
457
458
456
458
456
457
 457
462
458
456
457
457
458
 457
457
458
457
457
457
306
 494
306
 456
457
 458
457
 458
304
 460
458
 458
457
 457
457
 343
457
 456
457
 459
461
 457
456
 457
457
 457
457
 457
457
 458
457
 458
457
 458
457
